1
3164
3164
1
3164
3164
3164
1
1
1
1
3164
1
1
1
3164
1
1
1
1
1
3164
3164
3164
3164
3164
1
3164
1
1
3164
3164
3164
3164
1
3164
1
3164
1
1
1
3164
3164
3164
3164
1
3164
3164
3164
1
3164
3164
1
1
1
1
1
3164
3164
3164
3164
3164
1
3164
1
3164
3164
3164
1
3164
1
3164
3164
3164
3164
3164
3164
1
1
3164
3164
1
1
1
3164
3164
1
1
3164
1
1
3164
1
1
1
3164
1
1
3164
1
1
3164
3164
3164
3164
1
1
3164
1
1
3164
1
1
3244
3244
1
1
1
3244
3244
3244
3244
1
1
3244
1
1
3244
3244
3244
3244
3244
1
3244
3244
3244
1
1
1
206
206
206
3244
206
206
3244
3244
3244
206
3244
1
1
206
3244
1
206
206
1
3244
1
206
206
1
3244
3244
1
1
3244
1
206
1
206
206
3244
3244
3244
206
1
206
1
1
1
206
206
206
3244
3244
1
1
1
1
3244
1
1
1
3244
206
1
206
1
3244
206
1
206
3323
3323
1
206
1
1
1
206
206
1
1
206
206
3323
1
1
1